4
1
10
1
0
120
10
10
Менеджер по продажам
10
6
1.2
4
1
10
1
0
120
10
10
Менеджер по закупкам
10
6
1.2
4
1
10
1
0
120
10
10
Менеджер
10
6
1.2
4
1
10
1
0
120
10
10
Менеджер по продажам
10
6
1.2
4
1
10
1
0
120
10
10
Менеджер по продажам
10
6
1.2
1
1
10
1
0
120
10
10
Менеджер по продажам
10
6
1.2
1
1
10
1
0
120
10
10
Менеджер по продажам
10
6
1.2
4
1
10
1
0
120
10
10
Менеджер по продажам
10
6
1.2
4
1
10
1
0
120
10
10
Менеджер по закупкам
10
6
1.2
4
1
10
1
0
120
10
10
Менеджер
10
6
1.2
4
1
10
1
0
120
10
10
Менеджер по продажам
10
6
1.2
4
1
10
1
0
120
10
10
Менеджер по продажам
10
6
1.2
1
1
10
1
0
120
10
10
Менеджер по продажам
10
6
1.2
1
1
10
1
0
120
10
10
Менеджер по продажам
10
6
1.2

1
1
10
1
0
120
10
10
Менеджер по продажам
10
6
1.2
1
1
10
1
0
120
10
10
Менеджер по продажам
10
6
1.2
